796 171111111611111.

0111. (11.1. .
111293 137 71111181 22311. 266, 406
1297 10911181691. 1289 1041. 734
1111 116 1111Ι · 1661.
1306 366. 746 ff. ' 1293 218
1431 242 1299 427 0.
1433 360 Α. 1300 183 11.
1438--1464 396 0. 1460 602
1486 316 2146 4
, 1494 294 Ι. R. N. n. 7 182
1499 294 166 110
1603 494 ff. 624 0. 230 162
1606 60911. 6301. 6461. 432 249
1637 607 1. 618 179
1641 621 0. 6631. 1137 1711.
1668 686 0. 1984 324 ff.
1119. XXXI 90. 343 2669 449 .
C.1.L.I{n.1437 248 4322 37211.
1116 111 1515, 1, 6 161
12* 162 7060 243. 262
· 11111611 116161 111* 111
1771 111 Ephemeriu epigr. 1 p. 1911.
v,1 n. 161 116 f. n. 5 161
1490 241 6 666
3794 360 Α. 9 6661.
1111 - 111 12b 11711151. ·
68* 111, 111 29 666
390* 262 46. 47. 70. 79.

V,2 n.8045 311 94107112 6231. 6641.
vl,1 n. 16 111 f. 122 111·
181 10 11161. 11111. de 1111141111

284 494 0. 624 ff. n. 167 30911.
329 86 782 403 A.

111 1111, 111, 1111, 11161. 1111. 11111161 (36111161)
111 p. 136 (0111111111111) 763 ff.

117 11111111, 1111, 1116111111, dreispraehige, von -

' 717 ff, 8111111111 61711,
171 231 1161111. 011111.(0111(11611111)
171 111 11¹‚2 5111. 1111.
1111 711 1111 011111-1111111 1. 201 660 ff.
1281 88. 166. 231 669 371 A.
1284 22614. 679 ’ 374 Δ.
1286 223 1. 266 2486 107 1.
1286 · 226 Δ, 4384 10
1287 213 0. 4404 110 1

 

